%YAML:1.0
---
R: !!opencv-matrix
   rows: 3
   cols: 3
   dt: d
   data: [ 9.9998152709433930e-01, 4.0237086435552811e-03,
       4.5557917890194314e-03, -3.9806588255238435e-03,
       9.9994771297422691e-01, -9.4194306052870491e-03,
       -4.5934546245606361e-03, 9.4011215482418774e-03,
       9.9994525804578283e-01 ]
T: !!opencv-matrix
   rows: 3
   cols: 1
   dt: d
   data: [ -3.3392926745276563e+00, 4.0985698256703673e-02,
       6.6782717443065387e-03 ]
R1: !!opencv-matrix
   rows: 3
   cols: 3
   dt: d
   data: [ 9.9996225467327637e-01, -8.2675781214379372e-03,
       2.6714005209201022e-03, 8.2800288462308858e-03,
       9.9995475056390870e-01, -4.6837962142616844e-03,
       -2.6325559904466860e-03, 4.7057386962163095e-03,
       9.9998546273047395e-01 ]
R2: !!opencv-matrix
   rows: 3
   cols: 3
   dt: d
   data: [ 9.9992268648389149e-01, -1.2272817480443865e-02,
       -1.9997514667027916e-03, 1.2282064062707451e-02,
       9.9991362462760147e-01, 4.6791224018815237e-03,
       1.9421527222181695e-03, -4.7033217180998867e-03,
       9.9998705332000160e-01 ]
P1: !!opencv-matrix
   rows: 3
   cols: 4
   dt: d
   data: [ 5.2079734820680301e+02, 0., 3.4354642868041992e+02, 0., 0.,
       5.2079734820680301e+02, 2.4095495605468750e+02, 0., 0., 0., 1.,
       0. ]
P2: !!opencv-matrix
   rows: 3
   cols: 4
   dt: d
   data: [ 5.2079734820680301e+02, 0., 3.4354642868041992e+02,
       -1.7392292357079371e+03, 0., 5.2079734820680301e+02,
       2.4095495605468750e+02, 0., 0., 0., 1., 0. ]
Q: !!opencv-matrix
   rows: 4
   cols: 4
   dt: d
   data: [ 1., 0., 0., -3.4354642868041992e+02, 0., 1., 0.,
       -2.4095495605468750e+02, 0., 0., 0., 5.2079734820680301e+02, 0.,
       0., 2.9944146379003189e-01, 0. ]
