%YAML:1.0
---
M1: !!opencv-matrix
   rows: 3
   cols: 3
   dt: d
   data: [ 5.3552213053469666e+02, 0., 3.4262250002973366e+02, 0.,
       5.3549829548479465e+02, 2.3274392533298911e+02, 0., 0., 1. ]
D1: !!opencv-matrix
   rows: 1
   cols: 5
   dt: d
   data: [ -2.7912540389225676e-01, 7.1080212789384173e-02, 0., 0., 0. ]
M2: !!opencv-matrix
   rows: 3
   cols: 3
   dt: d
   data: [ 5.3927310387598300e+02, 0., 3.2781341977302026e+02, 0.,
       5.3909168387820228e+02, 2.4885225766723900e+02, 0., 0., 1. ]
D2: !!opencv-matrix
   rows: 1
   cols: 5
   dt: d
   data: [ -2.8477987756594880e-01, 9.4831352502545610e-02, 0., 0., 0. ]
